0.000000000000000000e+00
0.000000000000000000e+00
0.000000000000000000e+00
0.000000000000000000e+00
0.000000000000000000e+00
0.000000000000000000e+00
0.000000000000000000e+00
0.000000000000000000e+00
0.000000000000000000e+00
0.000000000000000000e+00
0.000000000000000000e+00
0.000000000000000000e+00
0.000000000000000000e+00
0.000000000000000000e+00
0.000000000000000000e+00
0.000000000000000000e+00
0.000000000000000000e+00
0.000000000000000000e+00
0.000000000000000000e+00
0.000000000000000000e+00
0.000000000000000000e+00
0.000000000000000000e+00
1.395405463211705444e+00
1.818998809816629592e-01
1.491705111895943181e-01
1.142777728950076788e-01
1.589359904177936600e-01
1.268240918759569735e-01
1.226670111591026263e-01
1.108857514229988350e-01
1.555775826452841515e-01
1.859569326538432210e-01
1.118169383235649572e-01
1.031453207336576194e-01
1.234442961606937172e-01
1.203167836974241706e-01
1.750938224939493359e-01
1.654200425762346049e-01
1.227438556908212325e-01
1.582758937093209639e-01
1.192099720562968201e+00
9.128010763453009435e-01
0.000000000000000000e+00
1.606952233502828287e-01
1.275105513896317433e-01
1.372252868534762082e-01
1.119702367869047088e-01
1.364937648711491702e-01
1.276529598341349936e-01
1.030114107798001388e-01
1.035429444639118512e-01
1.392312048872730579e-01
1.276779518688840598e-01
1.166441599969354342e-01
1.449237605635852189e-01
1.140096980621710665e-01
1.029051070987067051e-01
1.134311585085168717e-01
1.444606039514405582e-01
1.155548130829675002e-01
1.288824330678279007e-01
1.835713257541452259e-01
6.791742995957100737e-02
0.000000000000000000e+00
1.229168728806193100e-01
1.174871750337918991e-01
1.030915065787574997e-01
1.077099285068359169e-01
1.498657369180992072e-01
1.403062020175740165e-01
1.610171623098351212e-01
4.533436550650066232e-01
1.720498121061871943e-01
1.031961934654068713e-01
1.225015974600550256e-01
1.570631200515887060e-01
1.239133404651850817e-01
1.140504522925578912e-01
1.236480406811073102e-01
1.033544869952896655e-01
1.028218194317474798e-01
1.367666327537586102e-01
1.504730843559770603e-01
8.138075700004768209e-02
0.000000000000000000e+00
1.612666243202073857e-01
1.428930098241683044e-01
1.018047779727343644e-01
1.186052151195599036e-01
1.635012551852039198e-01
1.107365711376424172e-01
4.552280535806091932e-01
6.673502593613038769e-01
4.588947121522541917e-01
1.569066979467386158e-01
1.200335880439928893e-01
1.117799431866557391e-01
1.026441687243195566e-01
1.499804022734985698e-01
2.008710477141709971e-01
1.168956095625032776e-01
1.062152270881548954e-01
1.101439560559250991e-01
1.130789623161072149e-01
7.360704472963859601e-02
0.000000000000000000e+00
1.721491624925620967e-01
1.123151316289804913e-01
1.226917076653172428e-01
2.037328357005819268e-01
2.228067408223467494e-01
1.569921353412669363e-01
1.721367829980627040e-01
4.597463868160585054e-01
2.073053090565161738e-01
2.350635718194114265e-01
1.984576226414714595e-01
1.076535002367038224e-01
1.024017046382541263e-01
1.657454386612131902e-01
2.199237320944310292e-01
1.620509940034782215e-01
1.489261397119306107e-01
1.358384155909640456e-01
1.535082006327763149e-01
1.086064976459682890e-01
0.000000000000000000e+00
1.222173710473138802e-01
1.027160165196922548e-01
1.133730757466169387e-01
1.516219156741710206e-01
1.707195886596711287e-01
1.371076317848091697e-01
1.400181189132415904e-01
1.034539092289318424e-01
1.114583608530275161e-01
1.783924609036857678e-01
1.423480300105146312e-01
1.108018584116703259e-01
1.357043293131318107e-01
1.341000207500163410e-01
1.591603838402509685e-01
1.136541510002184729e-01
1.401606298221684810e-01
1.283201278652826294e-01
1.233339386160717671e-01
8.623748420563490114e-02
0.000000000000000000e+00
1.233149481065680259e-01
1.136407236807807919e-01
1.246291100658181300e-01
1.032604891891080318e-01
1.029484073162079821e-01
1.372693113096478124e-01
1.506520131687175135e-01
1.124584764652613311e-01
1.214051597262157806e-01
1.162866653866636152e-01
1.024267315716193699e-01
1.072972569682400235e-01
1.497627839408939565e-01
1.393291106254891665e-01
1.946952077426191696e-01
4.745461527881573716e-01
1.769093856958618427e-01
1.027807424855854690e-01
1.223115092205942778e-01
8.050301669340503841e-02
0.000000000000000000e+00
1.030467399611570550e-01
1.439412580951366649e-01
1.566224375186234807e-01
1.127277837761413437e-01
1.094148200323057235e-01
1.116224521798230285e-01
1.074395600151247243e-01
1.114814446395944597e-01
1.551061845549920604e-01
1.445342677777345097e-01
1.028518491048596301e-01
1.109239421772617723e-01
1.115121873837445765e-01
1.027673175667740690e-01
4.579999947155957707e-01
6.690171203063985939e-01
4.675892905136029842e-01
1.028310205324792503e-01
1.122392321899930018e-01
6.768844335291557268e-02
0.000000000000000000e+00
1.116190951996531983e-01
1.148707675887176843e-01
1.206468253285846171e-01
1.173607384953419264e-01
1.956182723412709934e-01
1.424823905151727799e-01
1.021051506644098938e-01
1.020156138495494219e-01
1.280377578405776096e-01
1.649898016586185678e-01
1.302379323022552216e-01
1.560988694188842063e-01
1.215297625636424794e-01
1.106037016612540225e-01
2.027931953017926558e-01
4.592461605552783932e-01
1.505165547647508428e-01
1.388276327505702235e-01
1.561111048681577684e-01
7.769391958993171476e-02
0.000000000000000000e+00
1.850621231241091902e-01
1.273444529659659985e-01
1.028869453585438548e-01
1.537677737795880573e-01
2.348304754219253665e-01
1.765651800191425647e-01
1.159377445234732323e-01
1.437110387439088921e-01
1.629597221156535714e-01
2.077419131010452558e-01
1.641677756204147076e-01
1.436676101247588988e-01
1.156857314007384563e-01
1.757453934390637851e-01
2.348505650098476338e-01
1.559003129038350477e-01
1.025033285311766768e-01
1.274451159642651654e-01
1.846121144928639934e-01
1.181285379387882750e-01
0.000000000000000000e+00
1.570607767296134660e-01
1.390909037313875218e-01
1.944939180799730993e-01
4.716852095048429394e-01
2.131113255727949130e-01
1.132440804172086535e-01
1.224528964522605123e-01
1.563822012045691656e-01
1.299326738833773975e-01
1.655741260550064875e-01
1.303308553107140055e-01
1.027295044864883211e-01
1.026621366327821333e-01
1.432892526265400202e-01
1.989987179904859349e-01
1.216309797372181478e-01
1.214313428764745156e-01
1.158803247999105057e-01
1.106351564602399973e-01
7.037352501239965696e-02
0.000000000000000000e+00
1.115678162193839695e-01
1.027556545773411212e-01
4.652854544416425986e-01
6.697622623664151176e-01
4.655994836668084780e-01
1.025720093107409248e-01
1.113155442288336211e-01
1.116390547878321343e-01
1.031868879764248209e-01
1.442281162141201556e-01
1.575310567692053132e-01
1.128439290773534803e-01
1.079862124119239097e-01
1.119294408692425163e-01
1.085603498577671910e-01
1.117797953026003488e-01
1.569430502369963398e-01
1.451401027141144828e-01
1.031767255281486190e-01
6.806186656918436495e-02
0.000000000000000000e+00
1.223396082686386416e-01
1.028802288808035453e-01
1.647680210566668246e-01
4.564176697412140604e-01
1.644311434039043285e-01
1.396901666200645320e-01
1.503410732867519473e-01
1.074478170074997518e-01
1.024014305520981605e-01
1.161880986268136878e-01
1.230175210219166954e-01
1.122029931175857476e-01
1.519132753754746101e-01
1.375460357210043505e-01
1.034258861100043059e-01
1.032945495776159822e-01
1.241795676476150773e-01
1.141993813970971217e-01
1.233938265041754911e-01
9.277313126807842925e-02
0.000000000000000000e+00
1.229444383008556352e-01
1.249408281910668328e-01
1.379646527321965466e-01
1.092742374155824814e-01
1.558489625683002755e-01
1.349141022222060393e-01
1.358448415038202295e-01
1.110123983175189538e-01
1.421881010431904624e-01
1.771296294386349446e-01
1.103525887028685565e-01
1.027763583975738609e-01
1.389365972399900229e-01
1.321193184855508074e-01
1.670300746967759986e-01
1.516928053149890210e-01
1.133332545353609860e-01
1.025853906250693282e-01
1.179603576521363467e-01
7.848880002187388905e-02
0.000000000000000000e+00
1.560601329409847804e-01
1.348981547537403125e-01
1.493893287531433967e-01
1.612352312441597824e-01
2.197121108463140349e-01
1.684460220229810623e-01
1.024691502950342142e-01
1.073576590073291592e-01
1.974167488252990821e-01
2.374382403163715349e-01
2.077420173255080382e-01
4.660996359572440184e-01
1.651523133013051980e-01
1.551676283050856253e-01
2.212254816355292142e-01
2.042012994156290895e-01
1.231334832887742564e-01
1.120728089989633108e-01
1.726124635923992900e-01
1.102461113386918878e-01
0.000000000000000000e+00
1.165950258136723428e-01
1.106888752819374516e-01
1.078883391440693673e-01
1.185911791724420933e-01
2.045046857919025074e-01
1.540850351341805924e-01
1.029215853529091979e-01
1.108997760393957838e-01
1.188911377487849030e-01
1.580218245675667210e-01
4.622054957431021016e-01
6.714703255394363079e-01
4.591196821636146508e-01
1.116175870816063509e-01
1.634522453674796538e-01
1.201595336179570317e-01
1.022797718391120908e-01
1.432575473895404128e-01
1.627436490919921264e-01
7.913773744154078971e-02
0.000000000000000000e+00
1.487098591318312124e-01
1.360452659445147150e-01
1.029488791608094977e-01
1.031656983751615131e-01
1.233165302145663861e-01
1.138196449265106297e-01
1.230429380272337753e-01
1.565522720512406707e-01
1.218499338671158450e-01
1.028486879526135378e-01
1.721603094105812748e-01
4.671610455155950081e-01
1.642651904866061496e-01
1.387293804650181483e-01
1.488868300812353496e-01
1.076597425726102952e-01
1.023690860187941865e-01
1.165989384745208246e-01
1.231492813725541952e-01
6.771468291647707305e-02
0.000000000000000000e+00
1.838007171924722072e-01
1.290529508603520947e-01
1.176485155823835532e-01
1.454590009871313816e-01
1.140154929232811698e-01
1.032158187641968039e-01
1.138829158148303711e-01
1.448529437313672841e-01
1.169094815658034275e-01
1.281086063166319844e-01
1.398952664559555970e-01
1.032860970397592032e-01
1.027028136080126580e-01
1.270752710040480848e-01
1.367196381597365062e-01
1.114979604260195184e-01
1.376624072917983777e-01
1.278705725857087749e-01
1.592664482602984266e-01
6.799529539292004099e-02
0.000000000000000000e+00
1.120072158214926006e+00
1.606984008073728543e-01
1.221487143800723124e-01
1.609171672497048955e-01
1.749817521325044978e-01
1.191179794277045789e-01
1.233097856936650333e-01
1.030949469710357447e-01
1.093154279614090979e-01
1.845059381940106769e-01
1.560092915740218800e-01
1.110862549800832183e-01
1.207339998587950713e-01
1.222777932286640418e-01
1.548056963208503667e-01
1.150181576010392837e-01
1.503373590578671315e-01
1.821596982458829062e-01
8.896329219071822392e-01
8.058312921103346627e-01
0.000000000000000000e+00
1.084959833534818507e+00
6.816181389375361444e-02
6.720350590188937934e-02
7.929355112036597097e-02
1.091025618702759492e-01
8.046224540704753625e-02
9.182535874820928201e-02
6.793970844484380212e-02
6.908728907505166938e-02
1.156148928547449523e-01
7.842484962993578890e-02
6.697866139247175832e-02
7.966429765813015651e-02
8.689882816574466540e-02
1.088758158273580717e-01
7.468844379268617384e-02
7.941276873625388588e-02
6.753827933688351381e-02
3.752393949692013897e-01
3.819649944517853890e-01
